http://localhost:8000/api/dining/menus/locations/days/?start_date=2026-01-15&end_date=2026-01-20
================================================================================

Status Code: 200
Headers:
{
  "Date": "Mon, 05 Jan 2026 11:57:24 GMT",
  "Server": "WSGIServer/0.2 CPython/3.12.7",
  "Content-Type": "application/json",
  "Vary": "Accept, origin, Cookie",
  "Allow": "OPTIONS, GET",
  "Expires": "Mon, 05 Jan 2026 12:02:24 GMT",
  "Cache-Control": "max-age=300",
  "X-Frame-Options": "DENY",
  "Content-Length": "9243",
  "X-Content-Type-Options": "nosniff",
  "Referrer-Policy": "same-origin",
  "Cross-Origin-Opener-Policy": "same-origin"
}

================================================================================

{
  "data": {
    "2026-01-15": {
      "Breakfast": {
        "7": [
          560208,
          560065,
          560786,
          560483,
          560621,
          560622,
          560047
        ],
        "5": [
          560152,
          560448,
          603650,
          560010,
          520204,
          242005,
          560151,
          560153,
          560154,
          560155,
          560156,
          560750,
          141170,
          141113,
          560317,
          560447
        ],
        "8": [
          560112,
          560102,
          560113,
          560100,
          217001,
          280036,
          560115,
          560114,
          61002,
          560111
        ],
        "4": [
          532034,
          560708,
          161064,
          559913,
          510189,
          560784,
          560785,
          560150
        ],
        "6": [
          560152,
          603650,
          242005,
          560151,
          560153,
          560154,
          560155,
          560156,
          141376,
          560217,
          520170,
          560458,
          560143,
          560215,
          560793
        ],
        "1088": [
          560112,
          560114,
          560100,
          280036,
          560102,
          217001,
          560111,
          560113,
          560115
        ]
      },
      "Lunch": {
        "7": [
          141376,
          560217,
          603650,
          520170,
          560458,
          560143,
          560793,
          242005,
          560215,
          560151,
          560152,
          560153,
          560154,
          560155,
          560156
        ],
        "5": [
          560065,
          560483,
          560621,
          560622,
          560047,
          560208,
          560786
        ],
        "8": [
          560112,
          560102,
          560113,
          560100,
          217001,
          280036,
          560115,
          560114,
          61002,
          560111
        ],
        "4": [
          532034,
          560708,
          161064,
          559913,
          510189,
          560784,
          560785,
          560150
        ],
        "6": [
          560112,
          560102,
          560113,
          560100,
          217001,
          280036,
          560115,
          560114,
          61002,
          560111
        ],
        "1088": [
          560709,
          560710,
          560711,
          161064,
          560712,
          560647,
          560789,
          560150,
          560790,
          560027
        ]
      },
      "Dinner": {
        "7": [
          560112,
          560102,
          560113,
          560100,
          217001,
          280036,
          560115,
          560114,
          61002,
          560111
        ],
        "5": [
          141376,
          560217,
          603650,
          520170,
          560458,
          560143,
          560793,
          242005,
          560215,
          560151,
          560152,
          560153,
          560154,
          560155,
          560156
        ],
        "8": [
          560065,
          560483,
          560621,
          560622,
          560047,
          560208,
          560786
        ],
        "4": [
          20047,
          560317,
          560750,
          141113,
          560152,
          560154,
          603650,
          242005,
          560153,
          560155,
          560156,
          560151,
          560447,
          141170,
          520204,
          560448,
          560010
        ],
        "6": [
          560709,
          560710,
          560711,
          161064,
          560712,
          560647,
          560789,
          560150,
          560790,
          560027
        ],
        "1088": [
          560112,
          560102,
          560113,
          560100,
          217001,
          280036,
          560115,
          560114,
          61002,
          560111
        ]
      }
    },
    "2026-01-16": {
      "Breakfast": {
        "7": [
          560112,
          560102,
          560113,
          560100,
          217001,
          280036,
          560115,
          560114,
          61002,
          560111
        ],
        "5": [
          141376,
          560217,
          603650,
          520170,
          560458,
          560143,
          560793,
          242005,
          560215,
          560151,
          560152,
          560153,
          560154,
          560155,
          560156
        ],
        "8": [
          532034,
          560708,
          161064,
          559913,
          510189,
          560784,
          560785,
          560150
        ],
        "4": [
          532034,
          560708,
          161064,
          559913,
          510189,
          560784,
          560785,
          560150
        ],
        "6": [
          141376,
          560217,
          603650,
          520170,
          560458,
          560143,
          560793,
          242005,
          560215,
          560151,
          560152,
          560153,
          560154,
          560155,
          560156
        ],
        "1088": [
          532034,
          560708,
          161064,
          559913,
          510189,
          560784,
          560785,
          560150
        ]
      },
      "Lunch": {
        "7": [
          560709,
          560710,
          560711,
          161064,
          560712,
          560647,
          560789,
          560150,
          560790,
          560027
        ],
        "5": [
          532034,
          560708,
          161064,
          559913,
          510189,
          560784,
          560785,
          560150
        ],
        "8": [
          560065,
          560483,
          560621,
          560622,
          560047,
          560208,
          560786
        ],
        "4": [
          532034,
          560708,
          161064,
          559913,
          510189,
          560784,
          560785,
          560150
        ],
        "6": [
          560709,
          560710,
          560711,
          161064,
          560712,
          560647,
          560789,
          560150,
          560790,
          560027
        ],
        "1088": [
          532034,
          560708,
          161064,
          559913,
          510189,
          560784,
          560785,
          560150
        ]
      },
      "Dinner": {
        "7": [
          560112,
          560102,
          560113,
          560100,
          217001,
          280036,
          560115,
          560114,
          61002,
          560111
        ],
        "5": [
          532034,
          560708,
          161064,
          559913,
          510189,
          560784,
          560785,
          560150
        ],
        "8": [
          560152,
          603650,
          242005,
          560151,
          560153,
          560154,
          560155,
          560156,
          141376,
          560217,
          520170,
          560458,
          560143,
          560215,
          560793
        ],
        "4": [
          560709,
          560710,
          560711,
          161064,
          560712,
          560647,
          560789,
          560150,
          560790,
          560027
        ],
        "6": [
          560065,
          560483,
          560621,
          560622,
          560047,
          560208,
          560786
        ],
        "1088": [
          532034,
          560708,
          161064,
          559913,
          510189,
          560784,
          560785,
          560150
        ]
      }
    },
    "2026-01-17": {
      "Breakfast": {
        "7": [
          560709,
          560710,
          560711,
          161064,
          560712,
          560647,
          560789,
          560150,
          560790,
          560027
        ],
        "5": [
          20047,
          560317,
          560750,
          141113,
          560152,
          560154,
          603650,
          242005,
          560153,
          560155,
          560156,
          560151,
          560447,
          141170,
          520204,
          560448,
          560010
        ],
        "8": [
          141376,
          560217,
          603650,
          520170,
          560458,
          560143,
          560793,
          242005,
          560215,
          560151,
          560152,
          560153,
          560154,
          560155,
          560156
        ],
        "4": [
          141376,
          560217,
          603650,
          520170,
          560458,
          560143,
          560793,
          242005,
          560215,
          560151,
          560152,
          560153,
          560154,
          560155,
          560156
        ],
        "6": [
          532034,
          560708,
          161064,
          559913,
          510189,
          560784,
          560785,
          560150
        ],
        "1088": [
          20047,
          560317,
          560750,
          141113,
          560152,
          560154,
          603650,
          242005,
          560153,
          560155,
          560156,
          560151,
          560447,
          141170,
          520204,
          560448,
          560010
        ]
      },
      "Lunch": {
        "7": [
          560112,
          560102,
          560113,
          560100,
          217001,
          280036,
          560115,
          560114,
          61002,
          560111
        ],
        "5": [
          560065,
          560483,
          560621,
          560622,
          560047,
          560208,
          560786
        ],
        "8": [
          560112,
          560102,
          560113,
          560100,
          217001,
          280036,
          560115,
          560114,
          61002,
          560111
        ],
        "4": [
          141376,
          560217,
          603650,
          520170,
          560458,
          560143,
          560793,
          242005,
          560215,
          560151,
          560152,
          560153,
          560154,
          560155,
          560156
        ],
        "6": [
          560709,
          560710,
          560711,
          161064,
          560712,
          560647,
          560789,
          560150,
          560790,
          560027
        ],
        "1088": [
          560065,
          560483,
          560621,
          560622,
          560047,
          560208,
          560786
        ]
      },
      "Dinner": {
        "7": [
          560709,
          560710,
          560711,
          161064,
          560712,
          560647,
          560789,
          560150,
          560790,
          560027
        ],
        "5": [
          560112,
          560102,
          560113,
          560100,
          217001,
          280036,
          560115,
          560114,
          61002,
          560111
        ],
        "8": [
          560112,
          560102,
          560113,
          560100,
          217001,
          280036,
          560115,
          560114,
          61002,
          560111
        ],
        "4": [
          560709,
          560710,
          560711,
          161064,
          560712,
          560647,
          560789,
          560150,
          560790,
          560027
        ],
        "6": [
          560065,
          560483,
          560621,
          560622,
          560047,
          560208,
          560786
        ],
        "1088": [
          560065,
          560483,
          560621,
          560622,
          560047,
          560208,
          560786
        ]
      }
    },
    "2026-01-18": {
      "Breakfast": {
        "7": [
          532034,
          560708,
          161064,
          559913,
          510189,
          560784,
          560785,
          560150
        ],
        "5": [
          560709,
          560710,
          560711,
          161064,
          560712,
          560647,
          560789,
          560150,
          560790,
          560027
        ],
        "8": [
          20047,
          560317,
          560750,
          141113,
          560152,
          560154,
          603650,
          242005,
          560153,
          560155,
          560156,
          560151,
          560447,
          141170,
          520204,
          560448,
          560010
        ],
        "4": [
          560112,
          560102,
          560113,
          560100,
          217001,
          280036,
          560115,
          560114,
          61002,
          560111
        ],
        "6": [
          20047,
          560317,
          560750,
          141113,
          560152,
          560154,
          603650,
          242005,
          560153,
          560155,
          560156,
          560151,
          560447,
          141170,
          520204,
          560448,
          560010
        ],
        "1088": [
          141376,
          560217,
          603650,
          520170,
          560458,
          560143,
          560793,
          242005,
          560215,
          560151,
          560152,
          560153,
          560154,
          560155,
          560156
        ]
      },
      "Lunch": {
        "7": [
          141376,
          560217,
          603650,
          520170,
          560458,
          560143,
          560793,
          242005,
          560215,
          560151,
          560152,
          560153,
          560154,
          560155,
          560156
        ],
        "5": [
          560709,
          560710,
          560711,
          161064,
          560712,
          560647,
          560789,
          560150,
          560790,
          560027
        ],
        "8": [
          532034,
          560708,
          161064,
          559913,
          510189,
          560784,
          560785,
          560150
        ],
        "4": [
          532034,
          560708,
          161064,
          559913,
          510189,
          560784,
          560785,
          560150
        ],
        "6": [
          141376,
          560217,
          603650,
          520170,
          560458,
          560143,
          560793,
          242005,
          560215,
          560151,
          560152,
          560153,
          560154,
          560155,
          560156
        ],
        "1088": [
          20047,
          560317,
          560750,
          141113,
          560152,
          560154,
          603650,
          242005,
          560153,
          560155,
          560156,
          560151,
          560447,
          141170,
          520204,
          560448,
          560010
        ]
      },
      "Dinner": {
        "7": [
          560709,
          560710,
          560711,
          161064,
          560712,
          560647,
          560789,
          560150,
          560790,
          560027
        ],
        "5": [
          560709,
          560710,
          560711,
          161064,
          560712,
          560647,
          560789,
          560150,
          560790,
          560027
        ],
        "8": [
          20047,
          560317,
          560750,
          141113,
          560152,
          560154,
          603650,
          242005,
          560153,
          560155,
          560156,
          560151,
          560447,
          141170,
          520204,
          560448,
          560010
        ],
        "4": [
          560112,
          560102,
          560113,
          560100,
          217001,
          280036,
          560115,
          560114,
          61002,
          560111
        ],
        "6": [
          141376,
          560217,
          603650,
          520170,
          560458,
          560143,
          560793,
          242005,
          560215,
          560151,
          560152,
          560153,
          560154,
          560155,
          560156
        ],
        "1088": [
          560112,
          560102,
          560113,
          560100,
          217001,
          280036,
          560115,
          560114,
          61002,
          560111
        ]
      }
    },
    "2026-01-19": {
      "Breakfast": {
        "7": [
          532034,
          560708,
          161064,
          559913,
          510189,
          560784,
          560785,
          560150
        ],
        "5": [
          560112,
          560102,
          560113,
          560100,
          217001,
          280036,
          560115,
          560114,
          61002,
          560111
        ],
        "8": [
          532034,
          560708,
          161064,
          559913,
          510189,
          560784,
          560785,
          560150
        ],
        "4": [
          560112,
          560102,
          560113,
          560100,
          217001,
          280036,
          560115,
          560114,
          61002,
          560111
        ],
        "6": [
          532034,
          560708,
          161064,
          559913,
          510189,
          560784,
          560785,
          560150
        ],
        "1088": [
          560065,
          560483,
          560621,
          560622,
          560047,
          560208,
          560786
        ]
      },
      "Lunch": {
        "7": [
          560112,
          560102,
          560113,
          560100,
          217001,
          280036,
          560115,
          560114,
          61002,
          560111
        ],
        "5": [
          560709,
          560710,
          560711,
          161064,
          560712,
          560647,
          560789,
          560150,
          560790,
          560027
        ],
        "8": [
          532034,
          560708,
          161064,
          559913,
          510189,
          560784,
          560785,
          560150
        ],
        "4": [
          532034,
          560708,
          161064,
          559913,
          510189,
          560784,
          560785,
          560150
        ],
        "6": [
          532034,
          560708,
          161064,
          559913,
          510189,
          560784,
          560785,
          560150
        ],
        "1088": [
          560112,
          560102,
          560113,
          560100,
          217001,
          280036,
          560115,
          560114,
          61002,
          560111
        ]
      },
      "Dinner": {
        "7": [
          532034,
          560708,
          161064,
          559913,
          510189,
          560784,
          560785,
          560150
        ],
        "5": [
          20047,
          560317,
          560750,
          141113,
          560152,
          560154,
          603650,
          242005,
          560153,
          560155,
          560156,
          560151,
          560447,
          141170,
          520204,
          560448,
          560010
        ],
        "8": [
          141376,
          560217,
          603650,
          520170,
          560458,
          560143,
          560793,
          242005,
          560215,
          560151,
          560152,
          560153,
          560154,
          560155,
          560156
        ],
        "4": [
          20047,
          560317,
          560750,
          141113,
          560152,
          560154,
          603650,
          242005,
          560153,
          560155,
          560156,
          560151,
          560447,
          141170,
          520204,
          560448,
          560010
        ],
        "6": [
          20047,
          560317,
          560750,
          141113,
          560152,
          560154,
          603650,
          242005,
          560153,
          560155,
          560156,
          560151,
          560447,
          141170,
          520204,
          560448,
          560010
        ],
        "1088": [
          141376,
          560217,
          603650,
          520170,
          560458,
          560143,
          560793,
          242005,
          560215,
          560151,
          560152,
          560153,
          560154,
          560155,
          560156
        ]
      }
    },
    "2026-01-20": {
      "Breakfast": {
        "7": [
          560709,
          560710,
          560711,
          161064,
          560712,
          560647,
          560789,
          560150,
          560790,
          560027
        ],
        "5": [
          141376,
          560217,
          603650,
          520170,
          560458,
          560143,
          560793,
          242005,
          560215,
          560151,
          560152,
          560153,
          560154,
          560155,
          560156
        ],
        "8": [
          560065,
          560483,
          560621,
          560622,
          560047,
          560208,
          560786
        ],
        "4": [
          20047,
          560317,
          560750,
          141113,
          560152,
          560154,
          603650,
          242005,
          560153,
          560155,
          560156,
          560151,
          560447,
          141170,
          520204,
          560448,
          560010
        ],
        "6": [
          560065,
          560483,
          560621,
          560622,
          560047,
          560208,
          560786
        ],
        "1088": [
          560065,
          560483,
          560621,
          560622,
          560047,
          560208,
          560786
        ]
      },
      "Lunch": {
        "7": [
          560065,
          560483,
          560621,
          560622,
          560047,
          560208,
          560786
        ],
        "5": [
          532034,
          560708,
          161064,
          559913,
          510189,
          560784,
          560785,
          560150
        ],
        "8": [
          20047,
          560317,
          560750,
          141113,
          560152,
          560154,
          603650,
          242005,
          560153,
          560155,
          560156,
          560151,
          560447,
          141170,
          520204,
          560448,
          560010
        ],
        "4": [
          532034,
          560708,
          161064,
          559913,
          510189,
          560784,
          560785,
          560150
        ],
        "6": [
          560065,
          560483,
          560621,
          560622,
          560047,
          560208,
          560786
        ],
        "1088": [
          560709,
          560710,
          560711,
          161064,
          560712,
          560647,
          560789,
          560150,
          560790,
          560027
        ]
      },
      "Dinner": {
        "7": [
          560065,
          560483,
          560621,
          560622,
          560047,
          560208,
          560786
        ],
        "5": [
          20047,
          560317,
          560750,
          141113,
          560152,
          560154,
          603650,
          242005,
          560153,
          560155,
          560156,
          560151,
          560447,
          141170,
          520204,
          560448,
          560010
        ],
        "8": [
          20047,
          560317,
          560750,
          141113,
          560152,
          560154,
          603650,
          242005,
          560153,
          560155,
          560156,
          560151,
          560447,
          141170,
          520204,
          560448,
          560010
        ],
        "4": [
          20047,
          560317,
          560750,
          141113,
          560152,
          560154,
          603650,
          242005,
          560153,
          560155,
          560156,
          560151,
          560447,
          141170,
          520204,
          560448,
          560010
        ],
        "6": [
          532034,
          560708,
          161064,
          559913,
          510189,
          560784,
          560785,
          560150
        ],
        "1088": [
          560112,
          560102,
          560113,
          560100,
          217001,
          280036,
          560115,
          560114,
          61002,
          560111
        ]
      }
    }
  },
  "message": "Dining menus fetched successfully."
}