http://localhost:8000/api/dining/menus/locations/day/?menu_date=2026-01-20
================================================================================

Status Code: 200
Headers:
{
  "Date": "Mon, 05 Jan 2026 11:54:05 GMT",
  "Server": "WSGIServer/0.2 CPython/3.12.7",
  "Content-Type": "application/json",
  "Vary": "Accept, origin, Cookie",
  "Allow": "OPTIONS, GET",
  "Expires": "Mon, 05 Jan 2026 11:59:05 GMT",
  "Cache-Control": "max-age=300",
  "X-Frame-Options": "DENY",
  "Content-Length": "1575",
  "X-Content-Type-Options": "nosniff",
  "Referrer-Policy": "same-origin",
  "Cross-Origin-Opener-Policy": "same-origin"
}

================================================================================

{
  "data": {
    "Breakfast": {
      "7": [
        560027,
        560789,
        560790,
        560709,
        560710,
        560647,
        560150,
        560711,
        560712,
        161064
      ],
      "5": [
        520170,
        560215,
        560217,
        560152,
        560154,
        603650,
        242005,
        560153,
        560155,
        560156,
        560151,
        560143,
        560793,
        141376,
        560458
      ],
      "8": [
        560786,
        560208,
        560621,
        560065,
        560047,
        560483,
        560622
      ],
      "4": [
        20047,
        560317,
        560750,
        141113,
        560152,
        560154,
        603650,
        242005,
        560153,
        560155,
        560156,
        560151,
        560447,
        141170,
        520204,
        560448,
        560010
      ],
      "6": [
        560786,
        560208,
        560621,
        560065,
        560047,
        560483,
        560622
      ],
      "1088": [
        560786,
        560208,
        560621,
        560065,
        560047,
        560483,
        560622
      ]
    },
    "Lunch": {
      "7": [
        560786,
        560208,
        560621,
        560065,
        560047,
        560483,
        560622
      ],
      "5": [
        560784,
        560785,
        510189,
        532034,
        560708,
        559913,
        560150,
        161064
      ],
      "8": [
        20047,
        560317,
        560750,
        141113,
        560152,
        560154,
        603650,
        242005,
        560153,
        560155,
        560156,
        560151,
        560447,
        141170,
        520204,
        560448,
        560010
      ],
      "4": [
        560784,
        560785,
        510189,
        532034,
        560708,
        559913,
        560150,
        161064
      ],
      "6": [
        560786,
        560208,
        560621,
        560065,
        560047,
        560483,
        560622
      ],
      "1088": [
        560027,
        560789,
        560790,
        560709,
        560710,
        560647,
        560150,
        560711,
        560712,
        161064
      ]
    },
    "Dinner": {
      "7": [
        560786,
        560208,
        560621,
        560065,
        560047,
        560483,
        560622
      ],
      "5": [
        20047,
        560317,
        560750,
        141113,
        560152,
        560154,
        603650,
        242005,
        560153,
        560155,
        560156,
        560151,
        560447,
        141170,
        520204,
        560448,
        560010
      ],
      "8": [
        20047,
        560317,
        560750,
        141113,
        560152,
        560154,
        603650,
        242005,
        560153,
        560155,
        560156,
        560151,
        560447,
        141170,
        520204,
        560448,
        560010
      ],
      "4": [
        20047,
        560317,
        560750,
        141113,
        560152,
        560154,
        603650,
        242005,
        560153,
        560155,
        560156,
        560151,
        560447,
        141170,
        520204,
        560448,
        560010
      ],
      "6": [
        560784,
        560785,
        510189,
        532034,
        560708,
        559913,
        560150,
        161064
      ],
      "1088": [
        560112,
        560102,
        560113,
        560100,
        217001,
        280036,
        560115,
        560114,
        61002,
        560111
      ]
    }
  },
  "message": "Dining menus fetched successfully."
}